# transform file /bcbl/home/public/Consciousness/uncon_feat/data/MRI/sub-01/anat/sub-01/mri/transforms/cc_up.lta
# created by nmei on Mon Jul 15 16:07:39 2019

type      = 0 # LINEAR_VOX_TO_VOX
nxforms   = 1
mean      = 128.0000 105.0000 118.0000
sigma     = 10000.0000
1 4 4
9.999015331268311e-01 -1.614477252587676e-03 -1.394582074135542e-02 1.626383781433105e+00 
1.614320324733853e-03 9.999987483024597e-01 -2.251523801533040e-05 4.379748153686523e+01 
1.394583843648434e-02 1.818989620386291e-12 9.999028444290161e-01 2.023918342590332e+01 
0.000000000000000e+00 0.000000000000000e+00 0.000000000000000e+00 1.000000000000000e+00 
src volume info
valid = 1  # volume info valid
filename = /bcbl/home/public/Consciousness/uncon_feat/data/MRI/sub-01/anat/sub-01/mri/norm.mgz
volume = 256 256 256
voxelsize = 1.000000000000000e+00 1.000000000000000e+00 1.000000000000000e+00
xras   = -1.000000000000000e+00 0.000000000000000e+00 0.000000000000000e+00
yras   = 0.000000000000000e+00 -7.828930392861366e-09 -1.000000000000000e+00
zras   = -9.313225746154785e-10 1.000000000000000e+00 3.783497959375381e-10
cras   = -1.451606750488281e+00 1.545220947265625e+01 -4.350709533691406e+01
dst volume info
valid = 1  # volume info valid
filename = /bcbl/home/public/Consciousness/uncon_feat/data/MRI/sub-01/anat/sub-01/mri/norm.mgz
volume = 256 256 256
voxelsize = 1.000000000000000e+00 1.000000000000000e+00 1.000000000000000e+00
xras   = -1.000000000000000e+00 0.000000000000000e+00 0.000000000000000e+00
yras   = 0.000000000000000e+00 -7.828930392861366e-09 -1.000000000000000e+00
zras   = -9.313225746154785e-10 1.000000000000000e+00 3.783497959375381e-10
cras   = -1.451606750488281e+00 1.545220947265625e+01 -4.350709533691406e+01
