type      = 1 # LINEAR_RAS_TO_RAS
nxforms   = 1
mean      = 0.0000 0.0000 0.0000
sigma     = 1.0000
1 4 4
1.041118979454041e+00 1.206999993883073e-03 -2.117500081658363e-02 9.503780007362366e-01 
-3.547000000253320e-03 1.058437943458557e+00 3.038170039653778e-01 -1.380513000488281e+01 
1.189699955284595e-02 -2.466389983892441e-01 1.159675955772400e+00 2.334708404541016e+01 
0.000000000000000e+00 0.000000000000000e+00 0.000000000000000e+00 1.000000000000000e+00 
src volume info
valid = 1  # volume info valid
filename = /bcbl/home/public/Consciousness/uncon_feat/data/MRI/sub-01/anat/sub-01/mri/orig_nu.mgz
volume = 256 256 256
voxelsize = 1.000000000000000e+00 1.000000000000000e+00 1.000000000000000e+00
xras   = -1.000000000000000e+00 0.000000000000000e+00 0.000000000000000e+00
yras   = 0.000000000000000e+00 -7.828930392861366e-09 -1.000000000000000e+00
zras   = -9.313225746154785e-10 1.000000000000000e+00 3.783497959375381e-10
cras   = -1.451606750488281e+00 1.545220947265625e+01 -4.350709533691406e+01
dst volume info
valid = 1  # volume info valid
filename = /opt/freesurfer-6.0.0/freesurfer/average/mni305.cor.mgz
volume = 256 256 256
voxelsize = 1.000000000000000e+00 1.000000000000000e+00 1.000000000000000e+00
xras   = -1.000000000000000e+00 0.000000000000000e+00 0.000000000000000e+00
yras   = 0.000000000000000e+00 0.000000000000000e+00 -1.000000000000000e+00
zras   = 0.000000000000000e+00 1.000000000000000e+00 0.000000000000000e+00
cras   = 0.000000000000000e+00 0.000000000000000e+00 0.000000000000000e+00
subject fsaverage
fscale 0.100000
