# transform file transforms/talairach.lta
# created by nmei on Mon Jul 15 12:53:27 2019

type      = 0 # LINEAR_VOX_TO_VOX
nxforms   = 1
mean      = 127.0000 105.0000 117.0000
sigma     = 10000.0000
1 4 4
9.977059960365295e-01 -5.387785658240318e-02 6.047869566828012e-03 3.521167516708374e+00 
4.043542966246605e-02 1.180753350257874e+00 3.029378056526184e-01 -3.489326095581055e+01 
-1.827933080494404e-02 -3.367494642734528e-01 9.981950521469116e-01 3.484775161743164e+01 
0.000000000000000e+00 0.000000000000000e+00 0.000000000000000e+00 1.000000000000000e+00 
src volume info
valid = 1  # volume info valid
filename = nu.mgz
volume = 256 256 256
voxelsize = 1.000000000000000e+00 1.000000000000000e+00 1.000000000000000e+00
xras   = -1.000000000000000e+00 0.000000000000000e+00 0.000000000000000e+00
yras   = 0.000000000000000e+00 -7.828930392861366e-09 -1.000000000000000e+00
zras   = -9.313225746154785e-10 1.000000000000000e+00 3.783497959375381e-10
cras   = -1.451606750488281e+00 1.545220947265625e+01 -4.350709533691406e+01
dst volume info
valid = 1  # volume info valid
filename = /opt/freesurfer-6.0.0/freesurfer/average/RB_all_2016-05-10.vc700.gca
volume = 256 256 256
voxelsize = 1.000000000000000e+00 1.000000000000000e+00 1.000000000000000e+00
xras   = -1.000000000000000e+00 0.000000000000000e+00 0.000000000000000e+00
yras   = 0.000000000000000e+00 0.000000000000000e+00 -1.000000000000000e+00
zras   = 0.000000000000000e+00 1.000000000000000e+00 0.000000000000000e+00
cras   = 0.000000000000000e+00 0.000000000000000e+00 0.000000000000000e+00
