# transform file transforms/talairach_with_skull.lta
# created by nmei on Mon Jul 15 12:35:30 2019

type      = 0 # LINEAR_VOX_TO_VOX
nxforms   = 1
mean      = 129.0000 139.0000 129.0000
sigma     = 10000.0000
1 4 4
1.040566563606262e+00 -5.689408257603645e-02 -3.402739763259888e-02 2.999864339828491e+00 
4.962191358208656e-02 1.207105398178101e+00 3.400019109249115e-01 -4.421724319458008e+01 
1.624868810176849e-02 -3.059016764163971e-01 1.067039370536804e+00 1.948557281494141e+01 
0.000000000000000e+00 0.000000000000000e+00 0.000000000000000e+00 1.000000000000000e+00 
src volume info
valid = 1  # volume info valid
filename = nu.mgz
volume = 256 256 256
voxelsize = 1.000000000000000e+00 1.000000000000000e+00 1.000000000000000e+00
xras   = -1.000000000000000e+00 0.000000000000000e+00 0.000000000000000e+00
yras   = 0.000000000000000e+00 -7.828930392861366e-09 -1.000000000000000e+00
zras   = -9.313225746154785e-10 1.000000000000000e+00 3.783497959375381e-10
cras   = -1.451606750488281e+00 1.545220947265625e+01 -4.350709533691406e+01
dst volume info
valid = 1  # volume info valid
filename = /opt/freesurfer-6.0.0/freesurfer/average/RB_all_withskull_2016-05-10.vc700.gca
volume = 256 256 256
voxelsize = 1.000000000000000e+00 1.000000000000000e+00 1.000000000000000e+00
xras   = -1.000000000000000e+00 0.000000000000000e+00 0.000000000000000e+00
yras   = 0.000000000000000e+00 0.000000000000000e+00 -1.000000000000000e+00
zras   = 0.000000000000000e+00 1.000000000000000e+00 0.000000000000000e+00
cras   = 0.000000000000000e+00 0.000000000000000e+00 0.000000000000000e+00
